    1    0    0    0    0    0    0    0

    0    0    2    0    0    0    0    0

    0    0    0    0    0    0    0    0

    0    0    0    0    0    0    0    0

    0    0    0    0    0    0    0    0

    0    0    0    0    0    0    0    0

    0    0    0    0    0    0    0    0

    0    0    0    0    0    0    0    0



    1    0    0    0    3    0    0    0

    0    0    2    0    0    0    0    0

    0    0    0    0    0    0    0    0

    0    0    0    0    0    0    0    0

    0    0    0    0    0    0    0    0

    0    0    0    0    0    0    0    0

    0    0    0    0    0    0    0    0

    0    0    0    0    0    0    0    0



    1    0    0    0    3    0    0    0

    0    0    2    0    0    0    4    0

    0    0    0    0    0    0    0    0

    0    0    0    0    0    0    0    0

    0    0    0    0    0    0    0    0

    0    0    0    0    0    0    0    0

    0    0    0    0    0    0    0    0

    0    0    0    0    0    0    0    0



    1    0    0    0    3    0    0    0

    0    0    2    0    0    0    4    0

    0    0    0    0    0    0    0    0

    0    0    0    0    0    0    0    5

    0    0    0    0    0    0    0    0

    0    0    0    0    0    0    0    0

    0    0    0    0    0    0    0    0

    0    0    0    0    0    0    0    0



    1    0    0    0    3    0    0    0

    0    0    2    0    0    0    4    0

    0    0    0    0    0    0    0    0

    0    0    0    0    0    0    0    5

    0    0    0    0    0    0    0    0

    0    0    0    0    0    0    6    0

    0    0    0    0    0    0    0    0

    0    0    0    0    0    0    0    0



    1    0    0    0    3    0    0    0

    0    0    2    0    0    0    4    0

    0    0    0    0    0    0    0    0

    0    0    0    0    0    0    0    5

    0    0    0    0    0    0    0    0

    0    0    0    0    0    0    6    0

    0    0    0    0    0    0    0    0

    0    0    0    0    0    0    0    7



    1    0    0    0    3    0    0    0

    0    0    2    0    0    0    4    0

    0    0    0    0    0    0    0    0

    0    0    0    0    0    0    0    5

    0    0    0    0    0    0    0    0

    0    0    0    0    0    0    6    0

    0    0    0    0    0    8    0    0

    0    0    0    0    0    0    0    7



    1    0    0    0    3    0    0    0

    0    0    2    0    0    0    4    0

    0    0    0    0    0    0    0    0

    0    0    0    0    0    0    0    5

    0    0    0    0    0    0    0    0

    0    0    0    0    0    0    6    9

    0    0    0    0    0    8    0    0

    0    0    0    0    0    0    0    7



    1    0    0    0    3    0    0    0

    0    0    2    0    0    0    4    0

    0    0    0    0    0    0    0    0

    0    0    0    0    0    0    0    5

    0    0    0    0    0    0    0    0

    0    0    0    0    0    0    6    9

    0    0    0    0    0    8    0    0

    0    0    0    0    0    0   10    7



    1    0    0    0    3    0    0    0

    0    0    2    0    0    0    4    0

    0    0    0    0    0    0    0    0

    0    0    0    0    0    0    0    5

    0    0    0    0    0    0    0    0

    0    0    0    0    0    0    6    9

    0    0    0    0   11    8    0    0

    0    0    0    0    0    0   10    7



    1    0    0    0    3    0    0    0

    0    0    2    0    0    0    4    0

    0    0    0    0    0    0    0    0

    0    0    0    0    0    0    0    5

    0    0    0    0    0    0    0    0

    0    0    0    0    0    0    6    9

    0    0    0    0   11    8    0    0

    0    0   12    0    0    0   10    7



    1    0    0    0    3    0    0    0

    0    0    2    0    0    0    4    0

    0    0    0    0    0    0    0    0

    0    0    0    0    0    0    0    5

    0    0    0    0    0    0    0    0

    0    0    0    0    0    0    6    9

   13    0    0    0   11    8    0    0

    0    0   12    0    0    0   10    7



    1    0    0    0    3    0    0    0

    0    0    2    0    0    0    4    0

    0    0    0    0    0    0    0    0

    0    0    0    0    0    0    0    5

    0   14    0    0    0    0    0    0

    0    0    0    0    0    0    6    9

   13    0    0    0   11    8    0    0

    0    0   12    0    0    0   10    7



    1    0    0    0    3    0    0    0

    0    0    2    0    0    0    4    0

   15    0    0    0    0    0    0    0

    0    0    0    0    0    0    0    5

    0   14    0    0    0    0    0    0

    0    0    0    0    0    0    6    9

   13    0    0    0   11    8    0    0

    0    0   12    0    0    0   10    7



    1   16    0    0    3    0    0    0

    0    0    2    0    0    0    4    0

   15    0    0    0    0    0    0    0

    0    0    0    0    0    0    0    5

    0   14    0    0    0    0    0    0

    0    0    0    0    0    0    6    9

   13    0    0    0   11    8    0    0

    0    0   12    0    0    0   10    7



    1   16    0    0    3    0    0    0

    0    0    2   17    0    0    4    0

   15    0    0    0    0    0    0    0

    0    0    0    0    0    0    0    5

    0   14    0    0    0    0    0    0

    0    0    0    0    0    0    6    9

   13    0    0    0   11    8    0    0

    0    0   12    0    0    0   10    7



    1   16    0    0    3   18    0    0

    0    0    2   17    0    0    4    0

   15    0    0    0    0    0    0    0

    0    0    0    0    0    0    0    5

    0   14    0    0    0    0    0    0

    0    0    0    0    0    0    6    9

   13    0    0    0   11    8    0    0

    0    0   12    0    0    0   10    7



    1   16    0    0    3   18    0    0

    0    0    2   17    0    0    4   19

   15    0    0    0    0    0    0    0

    0    0    0    0    0    0    0    5

    0   14    0    0    0    0    0    0

    0    0    0    0    0    0    6    9

   13    0    0    0   11    8    0    0

    0    0   12    0    0    0   10    7



    1   16    0    0    3   18    0    0

    0    0    2   17    0    0    4   19

   15    0    0    0    0    0    0    0

    0    0    0    0    0    0   20    5

    0   14    0    0    0    0    0    0

    0    0    0    0    0    0    6    9

   13    0    0    0   11    8    0    0

    0    0   12    0    0    0   10    7



    1   16    0    0    3   18    0    0

    0    0    2   17    0    0    4   19

   15    0    0    0   21    0    0    0

    0    0    0    0    0    0   20    5

    0   14    0    0    0    0    0    0

    0    0    0    0    0    0    6    9

   13    0    0    0   11    8    0    0

    0    0   12    0    0    0   10    7



    1   16    0   22    3   18    0    0

    0    0    2   17    0    0    4   19

   15    0    0    0   21    0    0    0

    0    0    0    0    0    0   20    5

    0   14    0    0    0    0    0    0

    0    0    0    0    0    0    6    9

   13    0    0    0   11    8    0    0

    0    0   12    0    0    0   10    7



    1   16    0   22    3   18    0    0

    0   23    2   17    0    0    4   19

   15    0    0    0   21    0    0    0

    0    0    0    0    0    0   20    5

    0   14    0    0    0    0    0    0

    0    0    0    0    0    0    6    9

   13    0    0    0   11    8    0    0

    0    0   12    0    0    0   10    7



    1   16    0   22    3   18    0    0

    0   23    2   17    0    0    4   19

   15    0    0    0   21    0    0    0

   24    0    0    0    0    0   20    5

    0   14    0    0    0    0    0    0

    0    0    0    0    0    0    6    9

   13    0    0    0   11    8    0    0

    0    0   12    0    0    0   10    7



    1   16    0   22    3   18    0    0

    0   23    2   17    0    0    4   19

   15    0   25    0   21    0    0    0

   24    0    0    0    0    0   20    5

    0   14    0    0    0    0    0    0

    0    0    0    0    0    0    6    9

   13    0    0    0   11    8    0    0

    0    0   12    0    0    0   10    7



    1   16    0   22    3   18    0    0

   26   23    2   17    0    0    4   19

   15    0   25    0   21    0    0    0

   24    0    0    0    0    0   20    5

    0   14    0    0    0    0    0    0

    0    0    0    0    0    0    6    9

   13    0    0    0   11    8    0    0

    0    0   12    0    0    0   10    7



    1   16   27   22    3   18    0    0

   26   23    2   17    0    0    4   19

   15    0   25    0   21    0    0    0

   24    0    0    0    0    0   20    5

    0   14    0    0    0    0    0    0

    0    0    0    0    0    0    6    9

   13    0    0    0   11    8    0    0

    0    0   12    0    0    0   10    7



    1   16   27   22    3   18    0    0

   26   23    2   17    0    0    4   19

   15   28   25    0   21    0    0    0

   24    0    0    0    0    0   20    5

    0   14    0    0    0    0    0    0

    0    0    0    0    0    0    6    9

   13    0    0    0   11    8    0    0

    0    0   12    0    0    0   10    7



    1   16   27   22    3   18    0    0

   26   23    2   17    0    0    4   19

   15   28   25    0   21    0    0    0

   24    0    0    0    0    0   20    5

   29   14    0    0    0    0    0    0

    0    0    0    0    0    0    6    9

   13    0    0    0   11    8    0    0

    0    0   12    0    0    0   10    7



    1   16   27   22    3   18    0    0

   26   23    2   17    0    0    4   19

   15   28   25    0   21    0    0    0

   24    0   30    0    0    0   20    5

   29   14    0    0    0    0    0    0

